1405800730.435848161 -0.443117  -0.44381   1.50011  0.699525  0.696379  0.699896 -0.148229 -0.443063   1.49934  0.695187  0.703303  0.702006  0.147165 -0.443312   1.49973  0.697577  0.702358  0.704556  0.442957 -0.443248   1.50031  0.704093  0.705119  0.702095 -0.442833 -0.148499   1.49965  0.689393   0.70319  0.696665 -0.147094 -0.146715   1.50007  0.706352  0.697095  0.691197  0.147866 -0.146618   1.50024  0.711771   0.69614  0.693423  0.442853 -0.147923   1.49965  0.700066  0.698662  0.703117
1405800730.469181494 -0.442311 -0.443897   1.50063  0.708795  0.697416  0.709828 -0.148535 -0.440932   1.49839  0.668923  0.690591  0.710138  0.142952 -0.440397   1.50274  0.737602   0.72613  0.676712  0.441315 -0.445588   1.50251  0.675978  0.807393  0.668776 -0.441676 -0.147079   1.49928  0.690247  0.703202  0.700872 -0.145129 -0.145199   1.49895  0.708901  0.680319  0.672003  0.149852 -0.148358   1.49772  0.671274  0.682332  0.691789   0.44352 -0.149316   1.49825  0.681071   0.71151  0.726459
1405800730.502514827 -0.440619 -0.445362    1.5012  0.698272   0.66906  0.701718 -0.149577 -0.443775   1.49575  0.650792  0.707109  0.716231  0.142788  -0.44119   1.50251   0.73118  0.718989   0.70082  0.444599 -0.443212   1.50122  0.717037  0.782024  0.710316 -0.441032  -0.14716   1.49633  0.646448  0.701993  0.701122 -0.145597 -0.142452   1.49897   0.73568  0.672572  0.660185  0.147858 -0.148574   1.50134  0.690036   0.72111   0.68283  0.442173 -0.148265   1.49625  0.699071   0.70951  0.737331
1405800730.535848160 -0.442153 -0.446911   1.50228   0.71166  0.703176  0.711812 -0.149031 -0.445451   1.49494   0.62231  0.699193   0.71376  0.142505 -0.441917   1.49977  0.718935  0.714177  0.720241  0.444831  -0.44652   1.50023  0.715576  0.772925   0.75276 -0.441865 -0.148833   1.49741  0.609554  0.728114  0.708082 -0.146571 -0.144757   1.49648  0.707433  0.669146  0.694487  0.146145 -0.146275   1.50594  0.768255   0.73364  0.700703  0.441129 -0.148089   1.49706  0.714704  0.713416  0.734628
1405800730.569181493 -0.442573 -0.445781   1.50487  0.705986  0.712947   0.66056 -0.151249 -0.445795   1.49543  0.642769   0.73224   0.70529  0.142642 -0.440735   1.49858  0.714068  0.692103   0.71177  0.447354 -0.449835   1.50015  0.693704  0.797984  0.780701  -0.44263  -0.15092   1.49498  0.603931  0.686944  0.741211 -0.144695 -0.143448   1.49624  0.704066   0.67401  0.707037   0.14949  -0.14312   1.50521  0.749871  0.708628  0.691417  0.442642 -0.144965   1.49889  0.788127  0.635064  0.765975
1405800730.602514826 -0.446053 -0.451493   1.50634  0.682284  0.751234  0.654701 -0.151542 -0.443259    1.4976  0.653992  0.755984  0.650607  0.141034 -0.440664   1.50044  0.731443  0.689297  0.782165  0.446854 -0.449029   1.49913  0.660766  0.789079  0.804759 -0.443867 -0.150729   1.49721  0.635901  0.666861  0.757321 -0.144176 -0.143144   1.49386  0.692593  0.656663  0.709388  0.146364 -0.143227   1.50856  0.746154  0.770913  0.663326  0.441579 -0.144083   1.49982  0.806365  0.654346  0.754592
1405800730.635848159 -0.446977 -0.450649   1.50599  0.679891  0.797112  0.648796 -0.148631 -0.442951   1.49383  0.609836  0.745568  0.603093  0.139923 -0.441342   1.49941  0.713245  0.683791  0.794646  0.447076  -0.45013   1.49736  0.707129  0.797005  0.804667  -0.44565 -0.151583   1.49661  0.630967  0.663026  0.761331 -0.142058 -0.142482   1.49373  0.703759  0.605681  0.735663  0.146199  -0.13875   1.51046  0.764065  0.758146  0.648493  0.440923  -0.14242   1.49906  0.856361  0.632329  0.802533
1405800730.669181492 -0.450333   -0.4555   1.50957  0.659539  0.876916  0.698728 -0.145905 -0.440354   1.49404  0.600381  0.749893  0.554773  0.138157 -0.441589   1.49883  0.728492    0.6666  0.854547  0.444576 -0.454132   1.50335  0.732983  0.855972  0.832533 -0.446119 -0.154585    1.4983   0.60378  0.692641  0.791975 -0.141606   -0.1443   1.49202  0.702503  0.607031   0.77991  0.146647 -0.138378   1.51183  0.769065  0.765973  0.637264  0.439713 -0.143188   1.49786  0.825144    0.6528  0.795323
1405800730.702514825  -0.44925 -0.458014   1.50927  0.716301  0.815525   0.74275 -0.144076 -0.443206   1.49235  0.564885  0.763762  0.554349  0.141323 -0.441511   1.49446  0.701464  0.612858  0.847128  0.443708  -0.45379   1.50072  0.727058  0.854136  0.858144 -0.447038 -0.156108     1.499  0.585682  0.683578  0.815094 -0.142026 -0.146689   1.48879  0.670713   0.60531   0.82458  0.143832 -0.135281   1.51295   0.73972   0.80926  0.623949  0.439305 -0.145742   1.49734  0.790912  0.675996   0.77935
1405800730.735848158 -0.450539 -0.463395   1.50905  0.666465  0.849699  0.795397 -0.140557 -0.439583   1.48798  0.554815  0.693219  0.540606  0.140929 -0.444793   1.49365  0.653097  0.628817  0.887807  0.444601 -0.453379   1.50572  0.748583  0.895973  0.812154 -0.448514 -0.157011    1.5014  0.565767  0.690173  0.811694 -0.140455 -0.147841   1.48842  0.642854  0.570432  0.838918  0.145584  -0.13463    1.5131  0.712118  0.743021  0.654122   0.43975 -0.146001   1.49642  0.788169  0.687604  0.764892
1405800730.769181491 -0.449177  -0.46316   1.51034  0.720654  0.892136  0.821122 -0.141857 -0.440772   1.48706  0.552157  0.723559  0.513682   0.13921 -0.445288   1.49504  0.665778  0.670718  0.894596  0.443966 -0.451295   1.50515  0.767881  0.898353  0.805385 -0.447819  -0.15626   1.49724  0.576777  0.637586  0.820064 -0.140041 -0.147579   1.48764  0.644239  0.558811  0.835946  0.145459 -0.129556   1.51144   0.69255    0.6817  0.641422  0.440314 -0.147329   1.49715  0.788193  0.692795  0.759975
1405800730.802514824 -0.450343 -0.462899   1.51056  0.737864  0.896324  0.835407 -0.143669  -0.44277   1.48556  0.512166  0.715625  0.561578  0.139249 -0.448011   1.49487  0.639745  0.636676  0.959176  0.441133 -0.454054   1.50778  0.759922  0.956718   0.82669 -0.455538 -0.161715    1.4995  0.535604  0.713379  0.858187 -0.138052 -0.147723   1.48809  0.661796  0.518536  0.891171  0.144785 -0.130326   1.51085  0.718183  0.693503  0.651377   0.43969   -0.1486   1.49655  0.778478  0.691465  0.754075
1405800730.835848157  -0.44674 -0.469181   1.51275  0.747091  0.941852  0.853851  -0.14328  -0.44515   1.48548  0.472505  0.760893   0.54034  0.141933 -0.448673   1.49087  0.568759  0.577289  0.982565  0.440323 -0.452602   1.50716  0.756481  0.927749  0.824791 -0.453099 -0.163405   1.49715  0.497132  0.691288   0.87164 -0.133266 -0.153987   1.48187  0.573294  0.504478  0.882079  0.142792  -0.12889   1.50858  0.683596  0.729311  0.661551  0.440976 -0.148049   1.49589  0.780014  0.655087  0.711335
1405800730.869181490 -0.444135 -0.467829   1.51251  0.772552  0.946573  0.875043 -0.141569 -0.441187   1.48321  0.498463  0.737135  0.533235  0.141921 -0.450023   1.49016  0.525109  0.613356   1.01053  0.440515 -0.453155   1.51272  0.824234  0.934997  0.830012 -0.454175 -0.165567    1.4983  0.482916  0.699431  0.891347 -0.134425 -0.153507   1.48142  0.573115  0.480359  0.881784  0.145016 -0.127542   1.50702  0.665703  0.691987  0.605098  0.441906 -0.149701   1.49642  0.774793  0.649212  0.687922
1405800730.902514823 -0.441639 -0.469947   1.51307  0.749892   1.00554  0.829194 -0.140604 -0.442208   1.48196    0.4868  0.706817   0.50225  0.142273 -0.450999   1.49165  0.522093  0.621992   1.01936  0.439248 -0.451429   1.51625  0.867721  0.950233  0.795475 -0.454168 -0.165075   1.49705  0.482719  0.651177  0.940775  -0.13386  -0.15459   1.47892  0.535114  0.449257  0.909983  0.148246 -0.123072   1.50851  0.719736  0.649522  0.592912   0.44365 -0.149052   1.49614   0.79111  0.633683  0.677764
1405800730.935848156 -0.441835 -0.467085   1.51395  0.769081   1.01643  0.763018 -0.136966 -0.444478    1.4832  0.464195  0.675256  0.452087  0.145126 -0.454716   1.49138  0.489135  0.617453   1.03447  0.439716 -0.452546    1.5201  0.887952   0.97496  0.792171 -0.457265 -0.165876   1.49701  0.518564  0.671648  0.910224 -0.133543 -0.155797   1.47822  0.517208  0.401115  0.888542   0.15056 -0.123766   1.50374  0.708519  0.598177  0.615581  0.443923 -0.146894   1.50016  0.858161  0.637051  0.691404
1405800730.969181489 -0.441319 -0.469984   1.51561  0.745867    1.0518   0.76718 -0.138531 -0.445227   1.48595  0.467996  0.702406  0.460995  0.147666 -0.454007   1.49022  0.496793  0.564548   1.09096  0.440224 -0.454251   1.51894  0.859542  0.990268  0.811364 -0.456751 -0.163759   1.49378  0.526755  0.660418  0.915993 -0.134606 -0.160007   1.47965  0.501959  0.422029  0.915667  0.156365 -0.122985   1.49832  0.689144  0.537185   0.57956  0.443657 -0.146143   1.50121  0.856274  0.626646  0.701418
1405800731.002514822 -0.437199 -0.469447   1.51505  0.722441   1.07502  0.818747 -0.137367 -0.445547   1.48543  0.446681  0.666915  0.464155  0.147185 -0.452778   1.48994  0.492184  0.551021   1.08822   0.43618 -0.455144   1.52421  0.847731    1.0317  0.816245  -0.45329 -0.165999   1.49361  0.461374   0.63243  0.926224 -0.138843 -0.160768   1.47662  0.476108  0.417889   0.93571  0.156387 -0.123127   1.49668  0.681514  0.515567   0.56949  0.442084 -0.146127   1.50098  0.824959  0.657217  0.674902
1405800731.035848155 -0.436596 -0.470882    1.5194   0.74391   1.12149  0.850841 -0.137918 -0.439141   1.48652  0.443954  0.659718  0.423703  0.146313  -0.45272   1.48857  0.500872  0.547973   1.12981  0.434552 -0.454821   1.52722    0.8745    1.0258  0.889179 -0.454515 -0.167968   1.49228  0.441294  0.640477  0.908141 -0.139389 -0.160887   1.47877  0.495807   0.40977  0.951703  0.162591 -0.122957   1.49498  0.691434  0.483089   0.56047  0.441936 -0.144005   1.50468  0.871103  0.648759  0.682483
1405800731.069181488 -0.432444 -0.471403   1.51918  0.748379    1.1479   0.84827 -0.139982 -0.439784   1.48525   0.47374  0.647936  0.488751  0.148285 -0.449098   1.48901  0.502815  0.521164    1.1286   0.43343 -0.456229   1.52274  0.816693     1.026  0.877714 -0.454154 -0.168146   1.49452  0.431815  0.679562  0.875021 -0.139878 -0.160071    1.4801  0.512591  0.414561  0.942644  0.164835 -0.119153   1.49537   0.74225  0.389835  0.525985  0.442262 -0.145426   1.50396  0.841807  0.646511  0.668476
1405800731.102514821 -0.432381 -0.469724   1.51989  0.738665   1.10966   0.83713 -0.141773  -0.43953   1.48855  0.494583  0.671071  0.477167  0.155996 -0.449279   1.48818  0.420873  0.496038   1.11423  0.433768 -0.456006   1.52342  0.815598   1.01057  0.880069 -0.446801 -0.171747   1.49505  0.382919  0.659042  0.888486 -0.140197 -0.161475   1.47899  0.461998  0.452837  0.876522  0.169121  -0.12106   1.49551  0.780155  0.304547  0.534761  0.442357 -0.144966   1.50589  0.859308   0.66504  0.641574
1405800731.135848154 -0.430678 -0.472111   1.51643  0.661478   1.08799  0.885704 -0.143879 -0.439279   1.48664  0.496834  0.670057    0.5198    0.1566 -0.449492   1.48656  0.410331  0.508633   1.15547  0.436496 -0.454921   1.52403  0.809287  0.983638  0.890541 -0.447843 -0.173686   1.49504  0.378709  0.688707  0.880811 -0.141252 -0.161986   1.48053  0.464524     0.469  0.873884  0.171666 -0.122839   1.49486  0.733059  0.235381  0.499315  0.441908 -0.142086   1.51098  0.940345  0.679864   0.66997
1405800731.169181487 -0.431856 -0.471123   1.51751  0.666802   1.07979  0.915182 -0.146659  -0.43759   1.48505   0.48854  0.676559  0.543044  0.159031 -0.449399   1.48793  0.384072  0.527761   1.12846  0.435852 -0.455036   1.52385  0.764405   1.02947  0.863649 -0.446088 -0.173084   1.49608  0.440259  0.689412  0.901259 -0.141248  -0.16582   1.47843  0.413464  0.500702  0.917558  0.171878 -0.121702   1.49492  0.780045  0.270957  0.499466  0.441676 -0.140338   1.51054   0.94617  0.671053  0.694773
1405800731.202514820 -0.434348 -0.473894   1.51945  0.610643   1.13171  0.899073  -0.14635 -0.435189   1.48428  0.479292  0.636219  0.497726  0.159616 -0.448371    1.4887  0.458804   0.55997    1.1687  0.436959 -0.455644   1.52319  0.712048   1.03094   0.87391 -0.444875  -0.17422   1.49541  0.425414  0.696463  0.954016 -0.141667 -0.163863   1.48026  0.424057  0.488892  0.858078  0.168932 -0.123653   1.49698   0.78017   0.31466  0.519399  0.442285 -0.139775   1.50989  0.926774  0.688859  0.640947
1405800731.235848153 -0.432257 -0.475151   1.52145    0.5985   1.17087  0.905011 -0.147951 -0.430482   1.48476  0.567696   0.65005  0.509192  0.157938 -0.445618    1.4856  0.446829  0.570077   1.12912  0.436647 -0.452342   1.52273  0.672462   1.00735  0.853838 -0.442003  -0.17109   1.49764  0.402541  0.690992  0.946199 -0.141628 -0.167231   1.48201  0.416398  0.520332  0.922459  0.171941  -0.12435   1.49639   0.76447  0.315479  0.493748  0.441272 -0.142461   1.51116  0.923539  0.763519  0.603235
1405800731.269181486 -0.431559 -0.474591   1.52093  0.600059   1.18096  0.926006 -0.148059 -0.431936   1.48475  0.522504   0.64552  0.480164  0.156952 -0.444888   1.48732  0.472652   0.58108   1.10493  0.434436 -0.451918   1.52074  0.672071  0.971101  0.894364 -0.441296 -0.170783   1.49908  0.424834  0.711153  0.925617 -0.146405 -0.170866   1.48246  0.450972   0.56108  0.976971  0.170237 -0.126078   1.49308  0.739925  0.325746  0.448108  0.444473 -0.135368   1.51339  0.967477  0.683499   0.46627
1405800731.302514819 -0.433924 -0.470518   1.52283   0.58482   1.20597   0.88189 -0.146539 -0.429359   1.48383  0.566078  0.597768  0.502358  0.158229 -0.443211   1.48793  0.471238  0.594502   1.14528  0.437297 -0.452895   1.52005  0.643261  0.950977  0.958672 -0.442701 -0.174712   1.50178  0.380421  0.782153   0.87134 -0.144806 -0.171049   1.48338  0.446193  0.552046   0.94586  0.171563 -0.126991   1.49225  0.704367  0.317322  0.467636  0.443929 -0.134282   1.51471  0.959744   0.69605  0.460826
1405800731.335848152 -0.436741 -0.466774   1.52154  0.630193   1.18639  0.890249 -0.144933 -0.427186   1.48396  0.592497  0.582341  0.473692  0.160883 -0.440393   1.48492  0.456439  0.571791   1.19527  0.441523 -0.459524   1.51706  0.582738  0.956591   1.06347 -0.441852 -0.176299   1.50339  0.344638  0.795505  0.907728 -0.147701 -0.170055   1.48279  0.523046  0.531291  0.948927  0.176101 -0.127861   1.49101  0.710764  0.264846  0.432428   0.44166 -0.132658   1.51551  0.988508  0.708229  0.458188
1405800731.369181485 -0.436374 -0.472866   1.51777   0.55693   1.21764  0.945589 -0.145235 -0.430767   1.48428  0.546382   0.60399  0.473963  0.160277 -0.441915   1.48735  0.445315  0.585282   1.18847  0.440762 -0.456913   1.51759  0.613858  0.962624   1.09635 -0.440601 -0.175397   1.50365  0.347236  0.786948   0.85477 -0.149779  -0.17015   1.48462  0.527641  0.556062  0.946621  0.176849 -0.128183   1.48802  0.723425  0.214887  0.460881  0.439964 -0.131012   1.51741   1.03834  0.704709  0.468525
1405800731.402514818  -0.43647 -0.471692   1.52105  0.562666   1.23957  0.943858 -0.143941  -0.42633   1.48019  0.576476  0.565625  0.479468  0.160216  -0.44246   1.48745  0.455648  0.576704   1.14775  0.441552 -0.456923   1.51867  0.616021  0.946506   1.07974 -0.439901 -0.174127   1.50678  0.369729  0.816954  0.842445 -0.152366 -0.169563   1.49042  0.576534  0.603959   0.93604  0.177609 -0.127615   1.49026  0.752634  0.205701  0.462091  0.438935 -0.131307   1.51747   1.05517  0.719205  0.474421
1405800731.435848151  -0.43535 -0.471402   1.52087  0.533738   1.26236    0.9587  -0.14413 -0.428487   1.48143  0.564503  0.570913  0.505456  0.158508 -0.441278   1.48843  0.469304  0.563181   1.13045  0.443335 -0.454758   1.51517  0.594503  0.910642   1.02155 -0.438718 -0.176799    1.5076  0.353904  0.824462  0.899832 -0.155803 -0.170686   1.49475  0.578888  0.637278  0.910752   0.18181 -0.126621   1.48886  0.735183  0.165932  0.461454  0.439579 -0.131765   1.51541   1.03226  0.694423  0.483475
1405800731.469181484 -0.435308 -0.469403   1.52063  0.547618   1.25892  0.952402 -0.143453 -0.428093    1.4814  0.568214    0.5598   0.50593   0.16036 -0.441903    1.4891   0.47046  0.563885   1.11743   0.44624 -0.454783   1.51651  0.609984   0.93052     1.025 -0.440985 -0.174188   1.51014  0.341336  0.866107  0.841671 -0.153492 -0.169695   1.49407  0.583281  0.583387  0.919379  0.180905 -0.126418   1.48906  0.751783  0.167336  0.444222  0.440878 -0.130892   1.51746   1.05465  0.662639  0.495487
1405800731.502514817 -0.435484 -0.465943   1.52355   0.52784   1.30184  0.901312 -0.140128 -0.429678   1.47672  0.553902  0.535139  0.539835  0.159839  -0.43967   1.49123  0.475605  0.566247   1.12236  0.447725 -0.455024   1.51726  0.613455  0.949712   1.01847 -0.437533 -0.176645   1.51052  0.337724  0.868857  0.919189 -0.156869 -0.168688   1.49809  0.600729  0.640958  0.876732  0.178602 -0.127223   1.49045  0.756528   0.18942  0.478226  0.440711 -0.131881   1.51709   1.04993  0.662218  0.508325
1405800731.535848150 -0.437695 -0.464201   1.52152   0.50792   1.30834  0.901788 -0.139279 -0.433329   1.47707  0.542475  0.560565  0.613047  0.159314 -0.438186   1.49205  0.522918  0.571717   1.09141  0.448023 -0.452742   1.51518  0.642232  0.920704  0.999944 -0.436473 -0.175887   1.51013  0.341655  0.895791  0.884258 -0.158458 -0.169212   1.49963  0.593475  0.662911  0.872139  0.178739 -0.130785    1.4877  0.702436  0.198318  0.468312  0.442803 -0.133037   1.51369   1.02747  0.616885  0.531693
1405800731.569181483 -0.432893 -0.464509    1.5201  0.475145   1.29966  0.901985 -0.139554 -0.432522   1.47553  0.547394  0.565787  0.609434  0.160861 -0.439955   1.49035  0.510117  0.496549   1.08187  0.449564 -0.451695   1.51786  0.669364  0.902339  0.983906 -0.437681 -0.175074   1.51628  0.375489  0.953657  0.857365 -0.157799 -0.166855   1.49981  0.632029  0.612093  0.899757  0.176851  -0.12846   1.49064   0.74906  0.192759  0.431475  0.441891 -0.135514   1.51405   1.04039  0.650762  0.561424
1405800731.602514816 -0.430059 -0.467411    1.5233  0.447759   1.37839   0.95916 -0.137557 -0.431745   1.47537   0.55879  0.536093  0.621236  0.159446 -0.440832   1.49202  0.518453  0.517183   1.11356  0.448701 -0.450699   1.51633   0.67258  0.893082  0.986825 -0.436939 -0.176508   1.51484   0.35288  0.946257  0.888421 -0.157952 -0.166111   1.49742  0.659337  0.597406  0.930315  0.177657 -0.126671   1.49488  0.790063  0.193687  0.349297  0.441813 -0.134975    1.5156   1.07367  0.675879  0.560888
1405800731.635848149 -0.428925 -0.467286   1.52192   0.42889   1.33944  0.984157 -0.136174 -0.432823   1.47799  0.565016  0.567849  0.620289  0.157419 -0.439953   1.49235  0.537652  0.533229   1.10985  0.449588 -0.449576   1.51514   0.67338  0.866779  0.967624 -0.440464 -0.173514   1.51634  0.369067   0.99174  0.871637 -0.158786 -0.163646   1.49816   0.65619  0.599759  0.933032  0.175343 -0.126056    1.4959  0.820706   0.17921  0.349139  0.439438 -0.134848   1.51437   1.08086   0.69147  0.576376
1405800731.669181482 -0.428089 -0.466737   1.52059  0.379955   1.35927   1.00307 -0.131678 -0.433554   1.47983  0.596298  0.506488  0.604885   0.15885 -0.441502    1.4975  0.535935  0.515551   1.13811  0.450297 -0.450072   1.51327  0.686315  0.854527   1.01379 -0.439323 -0.172031   1.51576  0.350688  0.987474  0.838406 -0.156717  -0.16302   1.49834  0.675817  0.588418  0.946696  0.181138 -0.123936    1.4961  0.789592  0.151626  0.264989  0.438873 -0.134536   1.51444   1.08327  0.680866  0.600721
1405800731.702514815 -0.428316 -0.463092    1.5208  0.407453   1.36792   1.00633 -0.130887 -0.430454   1.48004   0.64589  0.509212  0.609487  0.160992 -0.440197   1.49697  0.544217  0.463603   1.17601    0.4502 -0.451795   1.51241  0.663886  0.844283   1.04061 -0.439157 -0.171017   1.51579  0.356476   0.96078  0.877208 -0.156864 -0.161041   1.49769  0.728668  0.587951  0.961118  0.179609 -0.123761   1.49725  0.763178  0.169316   0.21439  0.438782 -0.132639   1.51643   1.09857  0.704746  0.569621
1405800731.735848148 -0.428365 -0.461285   1.51833  0.429844   1.36903   1.04152 -0.133066  -0.43171   1.48152  0.647622  0.519611  0.638395  0.158277 -0.440891   1.49853   0.55099  0.480162   1.18758  0.451349 -0.454272   1.51092  0.633713  0.842455   1.08852 -0.440073 -0.171378   1.51577  0.351639  0.985409  0.884537 -0.155937 -0.160117   1.49779  0.724531  0.563044  0.945183  0.172121 -0.121731   1.50286  0.837472  0.229564   0.27631  0.439309 -0.134146   1.51875   1.11652  0.733256  0.570869
1405800731.769181481 -0.428067 -0.454504   1.52216  0.490857   1.40372   1.03708 -0.132231 -0.435711   1.48257  0.598054  0.507415  0.631684  0.155041 -0.440207   1.50374  0.601875  0.498466   1.19594  0.450666 -0.454054   1.50755  0.641512  0.824067   1.15393 -0.440158 -0.169368   1.51647  0.365453  0.978561  0.895433 -0.152996 -0.160038   1.49679  0.724963  0.539491   0.96195  0.168569  -0.11957   1.50782  0.876789  0.281697  0.258821  0.441344 -0.130784   1.51906   1.19157  0.631546  0.690159
1405800731.802514814 -0.427744 -0.451089   1.52068  0.491203   1.39358   1.01457 -0.132794 -0.432986   1.48482  0.625889  0.510677  0.653728  0.155208 -0.440428   1.50556  0.612225  0.503846   1.21161   0.45114 -0.454756   1.50657  0.611267   0.81723   1.21679 -0.439991 -0.171669   1.51794  0.335148  0.994346  0.908292   -0.1507 -0.160615   1.49345  0.677223  0.505367  0.970219  0.166569 -0.119469   1.50747  0.855734  0.278269  0.258816  0.441634  -0.13181   1.51913   1.17802  0.645243  0.692365
1405800731.835848147 -0.427607 -0.449665   1.52011  0.543094   1.37399   1.07284 -0.136429 -0.433201   1.48359  0.606882  0.500169  0.660537  0.155851 -0.444818    1.5075  0.548929  0.553722   1.26619  0.449336 -0.453355    1.5075  0.632377  0.844927   1.21564 -0.441376 -0.170958   1.51887  0.364687   1.01558  0.915804 -0.151096 -0.162833   1.49631  0.670545  0.539842   0.95549  0.165518 -0.119363   1.50839  0.852703  0.274751  0.242549  0.443162 -0.132112   1.52097   1.18209  0.674966  0.681635
1405800731.869181480 -0.427636 -0.448466   1.51912  0.526103   1.39989   1.05065 -0.136148 -0.434048   1.48366  0.581264  0.499781  0.657073  0.161788 -0.447256   1.50442  0.481923  0.499272   1.35451  0.448319 -0.456172   1.50748  0.600857  0.878765   1.23687 -0.442151 -0.169081   1.52029   0.33791  0.999308  0.926227 -0.153942 -0.158991   1.49542  0.714973  0.532402  0.882948   0.16434 -0.119045    1.5099  0.873211  0.314081  0.216613   0.44568 -0.131676   1.52152    1.1533  0.690683  0.705159
1405800731.902514813 -0.425431 -0.447987      1.52   0.47057   1.42773   1.07212 -0.134306 -0.435467    1.4857  0.590493  0.459326  0.659021  0.164358 -0.448014   1.50755  0.493318  0.548004   1.34317  0.447266 -0.455621   1.50783  0.629101  0.869229   1.20715 -0.441311  -0.16968   1.52007  0.305576   1.01396   0.93676 -0.153829 -0.162045   1.49155  0.665458  0.528289  0.889187  0.163034 -0.119812   1.50842    0.8649   0.34211  0.225553  0.446702   -0.1298    1.5239   1.18907  0.724108   0.74842
1405800731.935848146  -0.42511 -0.447067     1.515  0.469888   1.40386   1.07577 -0.133555 -0.437847   1.48532  0.537753  0.467385  0.635871  0.168044 -0.446529   1.50508  0.469288  0.501394   1.33098  0.445518 -0.459352    1.5083  0.629302  0.873213   1.18137 -0.443648 -0.167925   1.52244  0.311359   1.01616   0.93286  -0.15266 -0.159375   1.49083  0.669026  0.515247  0.884183  0.162809 -0.120564   1.51246  0.867651  0.382868  0.185903   0.44982 -0.127673   1.52211   1.17154  0.697852  0.734877
1405800731.969181479 -0.425168 -0.445499   1.51748  0.507111   1.43995   1.06245 -0.136037 -0.436118   1.48777   0.59265  0.484362  0.651253  0.173748 -0.441065     1.503  0.469445  0.430006   1.29895  0.443651 -0.461574    1.5046  0.598976  0.855763   1.28385 -0.443355 -0.168299   1.52267   0.32066  0.995564    0.9716 -0.154685  -0.15813   1.49302  0.640676  0.563299   0.86275  0.160104 -0.117475   1.51369  0.903952  0.425015  0.162117   0.45493 -0.123913   1.52288   1.17712  0.666811  0.722312
1405800732.002514812 -0.426003 -0.438484   1.52233  0.596692    1.4661   1.03527 -0.136415 -0.432417   1.49045  0.624571  0.484859  0.595686  0.175422 -0.444224   1.50705  0.438969  0.464266   1.30914  0.442193 -0.460096   1.50385  0.599776  0.851525   1.26092 -0.447269 -0.167295   1.52195  0.279752  0.992694  0.948864 -0.154929 -0.155093   1.49065  0.644099  0.497207  0.876044   0.15901 -0.117417   1.51651  0.910197  0.447428   0.15349  0.458472 -0.118756   1.52459   1.24109  0.596754  0.638002
1405800732.035848145 -0.426648 -0.438767   1.51984  0.595443   1.44157   1.11169 -0.136429 -0.433485   1.48725  0.603664  0.466528  0.628096  0.175058 -0.442945   1.50748  0.436582  0.506695   1.29897  0.439159 -0.456968   1.50217  0.627303  0.850982   1.22658 -0.445745 -0.165529   1.51648  0.247801  0.959592   1.01617 -0.154334 -0.156909   1.49098  0.628903  0.552334  0.834783   0.16068 -0.114763   1.51817  0.911768  0.457194  0.106752  0.455747 -0.120639   1.52066   1.18104   0.60712  0.717648
1405800732.069181478 -0.430939 -0.435428   1.51906  0.607343   1.41016   1.12706 -0.141144 -0.432394    1.4889  0.633901  0.469476   0.61699  0.176162 -0.441036   1.50517  0.428053  0.483793   1.29282   0.43978 -0.457377   1.50102  0.640922  0.825582   1.23481 -0.446554 -0.163044   1.51556  0.219037  0.963901   1.00156 -0.153988 -0.153599   1.49327  0.651298  0.538819  0.788622  0.164697 -0.111037   1.52063  0.935722  0.407113  0.104537  0.457262 -0.121043   1.52297    1.2055  0.605716  0.722983
1405800732.102514811 -0.429978 -0.435719   1.51963  0.614843   1.46035   1.10922 -0.141647 -0.427415   1.49005  0.692386  0.469515  0.599421  0.183542 -0.439073   1.50126  0.414068  0.411417   1.29931   0.43863  -0.46026   1.49442  0.571094  0.754402   1.31732 -0.447038 -0.158162   1.51489  0.277304  0.927828   1.00307  -0.15239 -0.153671   1.49074    0.6022  0.570342  0.842105   0.16591 -0.109577   1.51933  0.955527  0.390295 0.0464193  0.464097 -0.119452   1.51817   1.17733  0.569078  0.592024
1405800732.135848144 -0.427835 -0.434804    1.5232  0.637358   1.49626   1.11185 -0.142477 -0.429374   1.48818   0.66005  0.471443  0.595308  0.183054 -0.434662   1.50093  0.439733  0.409878   1.25002   0.43426 -0.461043   1.49426  0.586162  0.791036   1.30113 -0.449213 -0.153702   1.51374   0.25939  0.889357  0.995369  -0.14989 -0.151257     1.492  0.674728  0.559481  0.866448  0.162929 -0.108701   1.52084  0.968846  0.431275 0.0714644  0.463499 -0.121848   1.51897   1.20211  0.560521  0.637698
1405800732.169181477 -0.432528 -0.432115   1.52651  0.693439   1.47781   1.12067 -0.142354 -0.426724   1.48823  0.676304  0.454448  0.590716  0.183212 -0.431862   1.50032  0.457575   0.39038   1.24283  0.436864 -0.462931   1.49606  0.577849  0.797355   1.30645 -0.449888 -0.152967   1.51426  0.238767  0.925537   1.00545 -0.150557 -0.152504   1.49408  0.655457  0.616017  0.841478  0.168604 -0.106558   1.52263   1.03206  0.301155 0.0371058  0.464057 -0.121296   1.52054   1.19042  0.603386  0.595228
1405800732.202514810 -0.432408 -0.431079   1.52918  0.718448   1.53494    1.1008 -0.142515 -0.425782   1.48831  0.706764  0.408539  0.623086  0.184279 -0.430504   1.49957  0.444064   0.36885    1.2694  0.436731 -0.461739   1.49424  0.585603  0.786892   1.24499  -0.44678 -0.149846   1.51452   0.29964  0.902006   1.03472 -0.150011 -0.152312   1.49202  0.646759  0.608785   0.85259  0.172494 -0.105048   1.52053   1.01731  0.266678 0.0126869  0.463785 -0.123605   1.51946   1.18067  0.599194  0.617943
1405800732.235848143 -0.431667  -0.43324   1.52972  0.691686   1.57665   1.08947  -0.14324   -0.4283   1.48916  0.690091  0.446107   0.59452  0.189354 -0.433024   1.49921  0.440444  0.370828   1.27247  0.434507 -0.465378   1.49584  0.592677  0.821159   1.23998 -0.447901 -0.146579   1.51305  0.363764    0.9017   1.07035 -0.148345 -0.147124   1.49305  0.679589  0.572143  0.797514  0.169965 -0.104968    1.5187   1.03455  0.293265 0.0573487  0.464613  -0.12374   1.51922    1.1757  0.579845  0.630931
1405800732.269181476 -0.431686 -0.433965   1.52993  0.673818   1.58872   1.12057 -0.140153 -0.425488    1.4871  0.701405  0.386609  0.597719  0.188698 -0.434483   1.49509  0.397732  0.374722   1.24025  0.435299 -0.465121   1.49514  0.584364  0.810773    1.2395 -0.448531 -0.143613   1.51472  0.399041  0.897768   1.06622 -0.150737  -0.14406   1.49314  0.702938  0.565795  0.842472   0.17207 -0.103085   1.51885   1.07525  0.285409 0.0510281  0.464441 -0.125884   1.51546   1.16076  0.562846  0.666534
1405800732.302514809 -0.431613 -0.433621   1.53013  0.626383   1.57344   1.10848 -0.137259 -0.423111   1.48723  0.709906  0.339938  0.598294  0.189042 -0.434462   1.49209  0.376226  0.350816   1.24808  0.434885 -0.463379   1.49248   0.60837  0.739728   1.22528 -0.445733 -0.140634    1.5122  0.439634  0.863995   1.04069 -0.151841 -0.143584   1.49448  0.734836   0.58839  0.898885  0.170828 -0.105229   1.51986   1.07006   0.24073 0.0536787  0.465168 -0.124709   1.51341   1.16353  0.562418  0.640154
1405800732.335848142  -0.432942  -0.434253    1.53267   0.662518     1.5998    1.13344  -0.133451  -0.426147     1.4849   0.673732   0.291198    0.63126   0.188431  -0.434366    1.49012   0.284665   0.281915     1.2612    0.43364  -0.467392    1.49026   0.601468   0.727973    1.27296  -0.445637  -0.142013    1.51195   0.455978   0.882973    1.07955  -0.150879  -0.142781    1.49437   0.714204   0.569393   0.860183   0.172377  -0.104981    1.52428    1.11243   0.273265 -0.0582875   0.467431  -0.123406    1.50939    1.10586   0.545169   0.620366
1405800732.369181475  -0.432204  -0.438258     1.5312   0.690913    1.60214    1.16272  -0.133008  -0.426093    1.48619   0.685064   0.281303    0.68036   0.181197  -0.434162    1.48956   0.293453   0.286186    1.27276   0.433471  -0.464956    1.48706   0.580039   0.711584    1.23653  -0.446781  -0.142677    1.51043   0.479831   0.863477    1.11773  -0.151745     -0.142     1.4986   0.752728   0.606149   0.835878   0.177794  -0.104303    1.51959    1.09134   0.281209 -0.0902367   0.464681  -0.126012    1.51194    1.13064   0.561671   0.648366
1405800732.402514808  -0.433387  -0.441637    1.53674   0.667573    1.68265    1.19281  -0.129024  -0.424088    1.48633   0.719137   0.253073   0.629542   0.183214  -0.435671     1.4884   0.244134   0.269233    1.27716   0.430462  -0.463618    1.48704   0.584084   0.711729    1.23912  -0.445161  -0.141819     1.5108   0.487808   0.863541    1.11053   -0.14999  -0.140111    1.49721   0.714439   0.568804   0.816958   0.178245  -0.103371     1.5202    1.12422   0.220725 -0.0408119   0.465739  -0.120528    1.51462    1.14704   0.548563   0.590427
1405800732.435848141  -0.434157  -0.441827    1.53851   0.663587    1.72592    1.15238  -0.126992  -0.423596    1.48327   0.710787   0.196966   0.660106    0.18298  -0.435994    1.48892   0.223167   0.270726    1.23865   0.431865  -0.462336    1.48596   0.589688   0.673763    1.21757  -0.446378  -0.140743    1.50901   0.482097   0.834417    1.11401  -0.148766   -0.14056    1.49747   0.710392   0.563299   0.785225    0.17804  -0.104114    1.51988    1.10058   0.193733 -0.0396597   0.464321  -0.121459    1.51367    1.11937   0.547732   0.631931
1405800732.469181474   -0.43415  -0.440078    1.53495   0.714413    1.69164    1.18756  -0.125284  -0.420734     1.4868   0.703829   0.184718   0.653528    0.18135  -0.434826    1.48832   0.252779   0.263346    1.21137   0.431395  -0.462628    1.48581   0.566086   0.669051    1.20089  -0.447283  -0.140049    1.50792   0.492049   0.821296    1.09093  -0.146984  -0.140264    1.49692   0.694484   0.544138   0.821369   0.177765  -0.104556    1.52002    1.09695   0.191583 -0.0306723   0.465251  -0.120609    1.51401    1.10017   0.528515   0.595964
1405800732.502514807 -0.433429  -0.44179   1.53817   0.71871   1.72401     1.209 -0.122718 -0.421984   1.48033  0.661772  0.153176  0.667361  0.181943 -0.435684   1.48868  0.247583  0.267837   1.21523  0.432481 -0.463392   1.48228  0.537099  0.622512     1.245 -0.447743 -0.136616   1.50718  0.545333  0.793233   1.10775 -0.147251 -0.141029   1.49928  0.689446  0.570108  0.797551   0.17948 -0.106689   1.51762   1.08527  0.213709 -0.105027  0.465651  -0.12057   1.51594    1.0989   0.52796  0.601412
1405800732.535848140 -0.435824 -0.442835   1.53772  0.702342   1.76172   1.21602 -0.120739 -0.421596   1.48224  0.655581  0.131027  0.690085  0.181697 -0.435605   1.49032  0.241166  0.271412   1.22716   0.43077 -0.462211   1.48522  0.575107  0.656416   1.23002 -0.446952 -0.133875   1.50742  0.571049  0.808155   1.04493 -0.144554 -0.139959   1.50232  0.690869  0.540202  0.733156  0.181479 -0.106388   1.51746   1.11184  0.217766 -0.180321  0.467499 -0.119352   1.51579   1.09267  0.520323  0.541311
1405800732.569181473 -0.433752 -0.445444   1.53564  0.637688   1.76177   1.25277 -0.122766 -0.421917   1.48439  0.661087  0.149695  0.738055  0.183005 -0.434669   1.48899  0.245372  0.243111   1.24247    0.4316 -0.459129   1.48185   0.55757  0.588998   1.21521 -0.447994 -0.136554   1.50504  0.555532  0.816338   1.02854  -0.14543 -0.139092   1.50297  0.732164  0.513996  0.770468  0.181277 -0.106719   1.51309   1.10761  0.212274 -0.185684  0.468894 -0.118823   1.51901   1.10287  0.533294  0.510862
1405800732.602514806  -0.435364   -0.44616    1.53329   0.657441     1.7733    1.28131  -0.123285  -0.421751    1.48684   0.667415   0.129539   0.739413   0.181623  -0.436174    1.49068   0.225564   0.275402    1.21711   0.433519  -0.457745    1.48024   0.530018    0.54993    1.20964  -0.447257  -0.138796    1.50295    0.52142   0.821796    1.01579  -0.143918   -0.13887    1.50138   0.705269   0.497285   0.805065   0.172593  -0.107718    1.51765    1.10175   0.206992 -0.0838516   0.470016  -0.116212    1.51979    1.08237   0.526561   0.455933
1405800732.635848139  -0.432747  -0.448062     1.5369   0.621144    1.85569    1.26835  -0.123153  -0.419421    1.48568   0.681897   0.132583   0.735325   0.182872  -0.435624    1.49011   0.199719   0.231613    1.25726   0.434048  -0.451997    1.47929   0.585958   0.506334    1.17697  -0.446604  -0.137365    1.50221   0.563321   0.819091   0.972801  -0.147701  -0.136117    1.50239   0.717151   0.511019   0.750443   0.166084  -0.107893    1.51629    1.05959   0.237971 -0.0725174   0.471232  -0.113245    1.52162    1.12218   0.535249   0.415051
